$ANSIBLE_VAULT;1.1;AES256
65633430663632323931333339356362336165626634356265666261343436346530353233616331
6231333165366364323137373830343537613833356134370a643463636263303364633135346463
61666464613533636363666630653961626435653639366366363032663665323339316431343533
3064353637326563620a666434313830646662663431346161646334626232383634646366383734
62646632666230313362373562333532366639353231643135336139356134323266653439376434
30313731666166313430653436303435626361383830383338346533306233343766373033633561
63376665313538363532303936383166316133623465303964623938626332303064663937383439
62643164373232336336633539323761633633623262366337306630613032333361346231333634
66663366316264643561633635633439643536663065366635636562616434366432326236653633
33356537323230643962366665653433623865353635636236626236656337633235616465353761
31393936393238326164306531666362326236613462623831353139396435343433376165353635
37363433343438366262366534633939633032346639633666333736383133336365623562323039
34646138623530316437633562643366356263636430393032323661353762643336636262646661
36366639376264616433643162386630633430613538326631366634396666363539633964336138
64336235383161616466613231633831316639666566376133396166303037343234396466653964
39323862343935323739323939306161666330306437663930343366373438306662356432656462
35386635396262343930666230663932616131323134653637383464356236636234326134393235
3936343734333930663061666336626631656164666634613436
