$ANSIBLE_VAULT;1.1;AES256
32323331363531333164666233633634646363653338656438653264313138323139373463373436
3562333865393239656634376536363832323836613830660a663337353433653039356163663535
63656361313035343031333463386166613736653063646131383031393432323366626538613438
3836646365396366640a613337663731616339653737366430383436613236656165356537643234
37646337633163313030353163633266383463303961303562646663623835643134393036313139
35663466343432646265366162656130623138636530633938383036313338323934626532656430
32653866396437313037353933663339386234613339393662373662363162396565383566646531
32396532353861373837353663626530656538313331326336666433653238643166633963303863
32333730386630613235623333643533383662383238363664346265383864346634613534643461
33646361633934393239613332303265386633346265636162333232306333663662643539326664
37343565396132623963616136316563333265323430343630643331656135636266386230316332
31643466613033383034666139356566633361316436326465666638336438363963663330363565
36363664636338623430386136356333633363393638303162363933643862663632653430666438
32616536636331643233636232646337613037333764316265343830353431366132316161333737
36373439626165373035616137323131646539656139333736653930346637646666353062613933
65306430323662306532303031373333353830303830653233376132356138383030313636326239
39386138323131333331306138313237373065656163316536373636393131376462646135383038
39376433613032383833346432313834343231633436623737326332376133373239316136306433
32663661376335626561323664363935333930343332396665376336336366333130343837653466
31336231363265336237323066393364653165326163626637636434326239613731326361303738
61623131333433303538363633356131656630643837313635643064613630616164303766326634
64633466333237346633643933623137616437393062366336373134366634366436393363636332
34323633396236653235313034663163393061346163323232656537323932303866323236316135
34333064363336343938
