$ANSIBLE_VAULT;1.1;AES256
38393538343137303937383163303838373839626439336432666364323636623232396532656637
6636613933356465653862616131633166343936613063300a333163613863623763306537353263
36343633663636393431383433313464333063663263383936386562333630373039363062303234
3437303433666134640a666235326661323166633166313362386164306662666365353436383935
30376637633866396163366461623063633231333565346235646366373835383130646462633637
66646361303866646661313439353761373864663136346133353231333331373530623832643436
32616338633632333738306537613161633333613138386464366632343532646639613931346266
61666432396161383065633435363238353764303266333837613231623665643936386264383935
38663031623239333664386662646237653935623532666637616265376134383337303361646565
32666538623965616362336466393665363165366133316637333164666333653233663564613434
35343261336637336337353961383632336536363835336137313137653962653533653764316439
35363838323735306333636662623637633635663739663834653164316362316165336230666139
30373762373330343462633165616331373137613566643236633431663532636632323833303238
34323139383636363533363738326632313063393365626133653533393533313532643439663165
39393261306435666464666566346430653063663730393631643130333365623463373031666133
35666562373264376334626238373663663736376137363939313664393963643766643434386638
64366431303066323164333439663763303866363137623833316637643030323336383536636363
66346631346262646233656231376434316363393065623339386436623530636333653638393235
35633633313366663139623234336639343361636564666634613764356639373839313664653037
31346338373466633364633865646361393430393161356130636263336232633932623263663032
36626433386461343730653430323539306563353238633233663337396334663938383430343564
32383466666636646138666366323564343765623130623933666238623139653661626362303065
66396365333433646561336434373861346233356335633837373737343337383365303736666463
38316161343530316638623165393461303237353665656333326136383332643262336633636363
65366631323437373936363230616663373161363234376330306162656634646337643166386230
65353639333232386338333731333265363532633263353065373435313131383662633664393236
66373664633235653831333664336364333936643634313435383831323730383166313735393964
36626661313265653462646130356564626665353563633833373533633266333136323566373731
66373965666339653036363137333134313738316438326463306234393965316632633731663034
65323937343733666162373037386663303434306336636363353465663064653563613833333862
35656161313430646638326261646661643966646639336164393338613237636664623262306562
62363633653561363232323637636565353464363837663661666639366531656437313864626266
64663139303935636662616634643432656131376339653033383833656261343331373062643662
65373961393333346639386465363135636265623564646639303161333231356235383038376234
34393835643162656538613531333663396335396130326335393931646366633966323538663763
35303462646432346330306636643833656235393335393962623133643834616262646531623034
32356438656561323238356533383634653338313732386137316337643864353566393235363566
36363530623330373339383735353334356331616362386236363333356638383031643366333065
32666366326131313665336233323035643866613536323437643730613163393130643739373461
63333262323431303633373433626664623463383064396363393561383566636237326331306333
63636635643663373134396436303963373566373333613835663063656462666461663933333339
39636430633662343935616238336336373136353964636538316437363137353863353362636636
39366161336162616337373133363238306564346138333436376534663563613664353662656130
33306538303063616631633636663562366133316133633764643365663563376234383663363264
62343161383436333635386132363437636337646438373031326135313634373932393233323565
62633362306234323264353962376639323838663662316261633961646162376339306132323365
62323530643434376163633739373162613363343630626564303862663030616166626635636664
32623232323962393161653530326632346234363363323139383033383865373566653437323864
39316466383332353532623739313763323634303264633237376161653731393363313434376330
38623764666563653362363431656164613638636135633565353236306230633365326633643961
32363665636530346634633363333263336264623635303864313464373432616630656462626632
30626433326662656663643266376631303264623564303830373765613062303833313935616533
35326363633036643233356663666466383734346437353935636232386564626335383964616262
32386331313631356131373261663465373464386631666166383865633236646637663432316261
32393764356262613731643966636334343338333738633463656364626435363335353238353037
64616332323634393838323565656532303838613165633533313330383333303032656331363436
30303761303633373465303763643237363436376430333966316236616533363161326239313332
37396337633364393138323662666538643134656263303134373131383764353461653063356662
65653864636561323261383766373732633432363463303432366162613863323066323164366338
36626534616564653064323939303839616338323235613430323664376130613566363235353533
31336430306134363031303732323439323765346637336231663961633364626466393133393463
32343864623730613833303137303031393938613737366134326661323965343033366436393739
33396264313964376630333230376139373966383164313735616332373330386464306363303734
35386162333736396630663564313464353263363466343161316337613430326337356364363933
64613066386331633065633866656136373264666532343864653963613533653465396462333234
33313133393239643938363430623266646161346438373663366135303736353834663664383132
33353535373030646462343963333461626631336335383639616238666464623237386137383236
30333038326166326562313836316338626237616161303036343339383563643330336632616439
32313364386366643362323833633437613362646433316131383538326235353637393335323735
33306362316633656332306465353737373238303366663738623765663261353834313935333432
35383038623034663763383932373830343939663065373761626632646263333663356561326266
65393561323532376436656437346466636435333235336465333037383266623938653265333465
31653831386561623934363062656437343963343236313564613266366235323133356438346531
35623238303331383162393564383265356333653032633366633438613334323165346530353938
38643064386536353265393939626333366338363434646564316463353032383633383262343165
35613432353265323132663065323930313636346662326164643732393234306435653432316131
30653436663237333163306662383766396530626464303930613532333531663036656562396634
31666139323066653839376439336163633165663338633132393565616165353238356463336434
62633564333237376637386666313836373138626432663763356161383561393839356538383637
37383162366665643739326137666166653463353564316566383363653335623830623837333265
30343738363664633064323132323230633862373238343366386263636435323334383239303536
31366534363335646136373065313837313165363839336231626662636530356639393730396630
35623430626661626166313161323538343432313662323636623438646537383363663534663263
66313166353736653731326231396330326630643766616366363635323562656338303831343330
64613634636536636232363137626639656539643565616462616330316239356633323461303066
35633934313635633336653261656435636164316261366566313661353936336138376236353263
33383661636565313939366432633938643363386330663761316332353636623761613661306463
36666637643030323138336638336631303438346435313436643562653335613338336264326330
37623839363365343163313566316336643862623762613230646262316230636262613535316561
30663861373164363265313363376230353234316363306162653265303136363538633334643538
61326631343034383035323636306562393237666363396661323139656362356135376630356565
34613835383538356466643239393631656638623438636234343133373436383263316266383161
31626163306462303938626364306633663732303037353766343062373562346261636430656231
64383365376134626432316664613362326536613735646438646536623833366234366464623232
31323237393830623332343863343766636635303664656635653163663162623562316537323164
62343832386130363935333837393232376562626564636263383562396235343866376535643234
39663235633861323063663166343363346464343261363334303436356434323561646339353936
34303033616266613433316235643764663330346537353262643035306130386136653466356536
65643832663539366165363662353139383734333634326361613034366333363237636635306161
30316130383034356665643262626161666235663933613038346331303338393861646366613661
38386534343461616466613630326366633935376634643836306530623537313930393436356534
65646166363033613430353862393330373038333534353631626239303237653566386166373230
39643062303761323337393638306666366162303135396661663861643466323161363239653930
65343938626537396631663832626362373732616536663065383730383836653861303366383865
66636261656130303039643235376633303064376432653433343631333064303335623332656633
65323865393331616562643166623633396262353437333939376535393139343165353230356161
66393435633366656630396233653936333030636465643362323266656431636364353333303638
61353535616431646233643635393565646266636235343332386466323038353431376137616530
38333737313561636432393137316562366432386361336532363939396133613738316535303330
38633234356337313736396463343561313037636266356566643665343036373234376365316165
36383033366330303466353732666437373165313133393764353464306264346634373064613363
63306562383263653639343334353763613264376630633765633137396136376632343638626538
32306562336332623036633938646237373934376232626333326337646434656535336434333637
30386336333830613936386639396230363030666338633038613833316132326530303565323335
39346538653662386136373065376631646364666130303036653464633461376361616461616436
62343235376337303135333561663931353130363265366239303634636632663338663561643263
33393436393466383165363362363564333231666230343862656166396438313033393566663363
36396661376465656537356133313961613061396131336637373362333166386137353761376465
36376535376135636334613964626335666532343038396537373665303462623861646464336139
63383434333965363761343833653063323134366431613063626236353237346264336238663864
39613139333331356431343936383838313230636537626331383466626563326162313464613238
36343038613866656635656431393166386664616461393235326664396634323637326630373537
64616132656630666437343436383034663535626631653338376433353338336563383932303436
30313363636138616231313161333537366465313938326436366366666164633565623032633432
61343135613038613761346635333861313861336566323164313033383966656463393131656337
37306335316663623634363731313666396561356333616632363830306462313137633833303433
39656361653638646465396137626262303839396432323834373866366534373966666235303334
39313766346638643935393734643064306537646333383830373631656262343962616633663065
63343939353861316161366332643439336534366430383736653239343735313838396339386434
66303633623736303738373734363734653461396134326438646539356330633762383663633563
65643835653931346262353036656532373838303135376331363934343836343830366366656536
35653766343836333665656162386336366663323935343937366332336163366164323966396466
32383966313536333233326232643436643031663337643531636666633434323637356336303431
31366536386463323865363631613533636261643132326261626433623836626162326638396533
623837656166653262353639623661393362
